0.0 0.0
0.0 5.0
6.0 5.0
6.0 0.0
0.2 0.0
0.2 4.8
5.8 4.8
5.8 0.2
0.4 0.2
0.4 4.6
5.6 4.6
5.6 0.4
0.6000000000000001 0.4
0.6000000000000001 4.4
5.4 4.4
5.4 0.6000000000000001
0.8 0.6000000000000001
0.8 4.2
5.2 4.2
5.2 0.8
1.0 0.8
1.0 4.0
5.0 4.0
5.0 1.0
1.2000000000000002 1.0
1.2000000000000002 3.8
4.8 3.8
4.8 1.2000000000000002
1.4000000000000001 1.2000000000000002
1.4000000000000001 3.5999999999999996
4.6 3.5999999999999996
4.6 1.4000000000000001
1.6 1.4000000000000001
1.6 3.4
4.4 3.4
4.4 1.6
1.8 1.6
1.8 1.7000000000000002
4.3 1.7000000000000002
4.3 3.3
1.7000000000000002 3.3
1.7000000000000002 1.5
4.5 1.5
4.5 3.5
1.5 3.5
1.5 1.3000000000000003
4.699999999999999 1.3000000000000003
4.699999999999999 3.6999999999999997
1.3000000000000003 3.6999999999999997
1.3000000000000003 1.1
4.9 1.1
4.9 3.9000000000000004
1.1 3.9000000000000004
1.1 0.9
5.1 0.9
5.1 4.1
0.9 4.1
0.9 0.7000000000000001
5.3 0.7000000000000001
5.3 4.3
0.7000000000000001 4.3
0.7000000000000001 0.5
5.5 0.5
5.5 4.5
0.5 4.5
0.5 0.30000000000000004
5.7 0.30000000000000004
5.7 4.7
0.30000000000000004 4.7
0.30000000000000004 0.1
5.9 0.1
5.9 4.9
0.1 4.9
0.1 0.0
0.0 0.0
